user,pass,comp
nDGH7oTAxsFqCM/IpPpyog==,LDsMB6rGXwYWCKdKEybGUw==,2GIUf5jczKTayJL7W9G+zA==
tqkKH/4gsVnOwit+SqlODA==,LDsMB6rGXwYWCKdKEybGUw==,2GIUf5jczKTayJL7W9G+zA==
nl8rcS0Z5YHeKgg86zwycg==,LDsMB6rGXwYWCKdKEybGUw==,2GIUf5jczKTayJL7W9G+zA==
12rn8IEdjzB4CnOmSxl5Mw==,LDsMB6rGXwYWCKdKEybGUw==,2GIUf5jczKTayJL7W9G+zA==
KpHFaI9FtM1Loe+JCNUbZw==,LDsMB6rGXwYWCKdKEybGUw==,2GIUf5jczKTayJL7W9G+zA==
kOqjJb2XeQ3dv54Hh0Fe5A==,LDsMB6rGXwYWCKdKEybGUw==,2GIUf5jczKTayJL7W9G+zA==
K4dNGkmGW/wVdAHqAIlc0g==,LDsMB6rGXwYWCKdKEybGUw==,2GIUf5jczKTayJL7W9G+zA==
TlX/9nCmLumEn9wY/Alhpg==,LDsMB6rGXwYWCKdKEybGUw==,2GIUf5jczKTayJL7W9G+zA==
